,time,tests_discovered,coverage_points,sequence_number,corpus_size
0,0,0,0,0,0
1,3,0,1885,1202,8
2,6,1,2929,2308,14
3,9,1,3249,3395,21
4,12,2,3341,4511,25
5,15,2,3505,5526,31
6,18,2,3677,6511,37
7,21,2,3699,7616,38
8,24,2,3718,8656,40
9,27,2,3741,9673,41
10,30,2,3777,10706,43
11,33,2,3777,11759,43
12,36,2,4037,12770,47
13,39,2,4050,13827,48
14,42,2,4171,14871,49
15,45,2,4171,15863,49
16,48,2,4171,16884,49
17,51,3,4205,17933,52
18,54,3,4205,18930,52
19,57,3,4304,19956,54
20,60,3,4321,20978,55
21,63,3,4332,21955,56
22,66,3,4344,22897,57
23,69,3,4356,23886,58
24,72,3,4356,24899,58
25,75,3,4356,25875,58
26,78,3,4356,26883,58
27,81,3,4369,27916,59
28,84,4,4402,28932,60
29,87,4,4402,29974,60
30,90,4,4402,30976,60
31,93,4,4402,31970,60
32,96,4,4402,32998,60
33,99,4,4402,34026,60
34,102,4,4402,35013,60
35,105,4,4426,36018,61
36,108,4,4426,36998,61
37,111,4,4449,38021,62
38,114,4,4449,39071,62
39,117,4,4449,40043,62
40,120,4,4482,41066,63
41,123,4,4482,42091,63
42,126,4,4482,43070,63
43,129,4,4482,44075,63
44,132,4,4482,45138,63
45,135,5,4503,46134,64
46,138,5,4503,47190,64
47,141,5,4503,48217,64
48,144,5,4503,49304,64
49,147,5,4503,50373,64
50,150,5,4503,51391,64
51,153,5,4503,52466,64
52,156,5,4503,53501,64
53,159,5,4503,54540,64
54,162,5,4503,55563,64
55,165,5,4503,56634,64
56,168,5,4503,57698,64
57,171,5,4515,58737,65
58,174,5,4515,59775,65
59,177,5,4515,60800,65
60,180,5,4515,61836,65
61,183,5,4515,62863,65
62,186,5,4515,63915,65
63,189,5,4515,64963,65
64,192,5,4515,66006,65
65,195,5,4515,67063,65
66,198,5,4515,68121,65
67,201,5,4515,69170,65
68,204,5,4515,70184,65
69,207,5,4515,71170,65
70,210,5,4515,72214,65
71,213,5,4515,73235,65
72,216,5,4515,74253,65
73,219,5,4515,75276,65
74,222,5,4515,76319,65
75,225,5,4515,77352,65
76,228,5,4515,78366,65
77,231,6,4546,79406,66
78,234,6,4546,80480,66
79,237,6,4546,81546,66
80,240,6,4546,82587,66
81,243,6,4546,83676,66
82,246,6,4546,84743,66
83,249,6,4546,85851,66
84,252,6,4546,86930,66
85,255,6,4546,87918,66
86,258,6,4546,88972,66
87,261,6,4546,90005,66
88,264,6,4546,91003,66
89,267,6,4546,92017,66
90,270,6,4546,93064,66
91,273,6,4546,94138,66
92,276,6,4546,95214,66
93,279,6,4546,96252,66
94,282,6,4546,97273,66
95,285,6,4556,98330,67
96,288,6,4556,99377,67
97,291,6,4556,100480,67
98,294,6,4556,101535,67
99,297,6,4556,102587,67
100,300,6,4556,103690,67
101,303,6,4556,104801,67
102,306,6,4556,105856,67
103,309,6,4556,106933,67
104,312,6,4556,107939,67
105,315,6,4556,109019,67
106,318,6,4556,110147,67
107,321,6,4556,111203,67
108,324,6,4556,112276,67
109,327,6,4556,113334,67
110,330,6,4556,114393,67
111,333,6,4556,115500,67
112,336,6,4556,116596,67
113,339,6,4556,117664,67
114,342,6,4556,118744,67
115,345,6,4556,119841,67
116,348,6,4556,120933,67
117,351,6,4556,121995,67
118,354,6,4556,123052,67
119,357,6,4556,124130,67
120,360,6,4556,125218,67
121,363,6,4556,126339,67
122,366,6,4556,127375,67
123,369,6,4556,128366,67
124,372,6,4556,129409,67
125,375,6,4556,130469,67
126,378,6,4556,131554,67
127,381,6,4556,132583,67
128,384,6,4556,133672,67
129,387,6,4556,134730,67
130,390,6,4556,135722,67
131,393,6,4556,136768,67
132,396,6,4556,137811,67
133,399,6,4556,138755,67
134,402,6,4556,139861,67
135,405,6,4556,140952,67
136,408,6,4556,141965,67
137,411,6,4556,142940,67
138,414,6,4556,143972,67
139,417,6,4556,145023,67
140,420,6,4556,146108,67
141,423,6,4556,147105,67
142,426,6,4556,148159,67
143,429,6,4556,149182,67
144,432,6,4556,150250,67
145,435,6,4556,151318,67
146,438,6,4556,152440,67
147,441,6,4556,153491,67
148,444,6,4556,154561,67
149,447,6,4556,155693,67
150,450,6,4556,156772,67
151,453,6,4556,157799,67
152,456,6,4556,158838,67
153,459,6,4556,159932,67
154,462,6,4556,161021,67
155,465,6,4556,162096,67
156,468,6,4556,163125,67
157,471,6,4556,164190,67
158,474,6,4556,165213,67
159,477,6,4556,166307,67
160,480,6,4556,167374,67
161,483,6,4556,168460,67
162,486,6,4556,169486,67
163,489,6,4556,170567,67
164,492,6,4556,171616,67
165,495,6,4556,172691,67
166,498,6,4556,173778,67
167,501,6,4556,174874,67
168,504,6,4556,175941,67
169,507,6,4556,177045,67
170,510,6,4556,178057,67
171,513,6,4556,179091,67
172,516,6,4556,180160,67
173,519,6,4556,181245,67
174,522,6,4556,182350,67
175,525,6,4556,183375,67
176,528,6,4556,184455,67
177,531,6,4595,185502,68
178,534,6,4595,186497,68
179,537,6,4595,187528,68
180,540,6,4595,188661,68
181,543,6,4595,189718,68
182,546,6,4595,190800,68
183,549,6,4617,191888,69
184,552,6,4617,192895,69
185,555,6,4617,193896,69
186,558,6,4617,195009,69
187,561,6,4617,196042,69
188,564,6,4617,197086,69
189,567,6,4617,198170,69
190,570,6,4617,199263,69
191,573,6,4617,200291,69
192,576,6,4617,201360,69
193,579,6,4617,202391,69
194,582,6,4617,203492,69
195,585,6,4617,204463,69
196,588,6,4617,205583,69
197,591,6,4617,206602,69
198,594,6,4617,207638,69
199,597,6,4617,208725,69
200,600,7,4638,209791,70
201,603,7,4638,210862,70
202,606,7,4661,211974,72
203,609,7,4674,213066,73
204,612,7,4674,214184,73
205,615,7,4674,215247,73
206,618,7,4674,216362,73
207,621,7,4674,217447,73
208,624,7,4674,218596,73
209,627,7,4674,219687,73
210,630,7,4674,220752,73
211,633,7,4674,221825,73
212,636,7,4674,222889,73
213,639,7,4674,224007,73
214,642,7,4674,225114,73
215,645,7,4674,226196,73
216,648,7,4674,227301,73
217,651,7,4674,228388,73
218,654,7,4674,229431,73
219,657,7,4674,230519,73
220,660,8,4695,231583,74
221,663,8,4695,232694,74
222,666,8,4695,233826,74
223,669,8,4695,234852,74
224,672,8,4695,235965,74
225,675,8,4707,237052,75
226,678,8,4707,238158,75
227,681,8,4707,239209,75
228,684,8,4707,240328,75
229,687,8,4707,241409,75
230,690,8,4707,242477,75
231,693,8,4707,243588,75
232,696,8,4707,244701,75
233,699,8,4707,245775,75
234,702,8,4707,246849,75
235,705,8,4707,247981,75
236,708,8,4707,249056,75
237,711,8,4707,250182,75
238,714,8,4707,251289,75
239,717,8,4707,252339,75
240,720,8,4707,253477,75
241,723,8,4707,254564,75
242,726,8,4707,255686,75
243,729,8,4707,256812,75
244,732,8,4707,257922,75
245,735,8,4707,259027,75
246,738,8,4707,260142,75
247,741,8,4707,261176,75
248,744,8,4707,262271,75
249,747,8,4707,263354,75
250,750,8,4707,264424,75
251,753,8,4707,265531,75
252,756,8,4707,266614,75
253,759,8,4707,267724,75
254,762,8,4707,268738,75
255,765,8,4707,269800,75
256,768,8,4719,270906,76
257,771,8,4719,271989,76
258,774,8,4719,273090,76
259,777,8,4719,274173,76
260,780,8,4719,275218,76
261,783,8,4719,276341,76
262,786,8,4719,277450,76
263,789,8,4719,278620,76
264,792,8,4719,279720,76
265,795,8,4719,280824,76
266,798,8,4719,281941,76
267,801,8,4719,283001,76
268,804,8,4719,284111,76
269,807,8,4719,285210,76
270,810,8,4719,286288,76
271,813,8,4719,287356,76
272,816,8,4719,288433,76
273,819,8,4719,289614,76
274,822,8,4719,290702,76
275,825,8,4719,291818,76
276,828,8,4719,292967,76
277,831,8,4719,294009,76
278,834,8,4719,295100,76
279,837,8,4719,296209,76
280,840,8,4719,297365,76
281,843,8,4719,298472,76
282,846,8,4719,299639,76
283,849,8,4719,300750,76
284,852,8,4719,301827,76
285,855,8,4719,302974,76
286,858,8,4731,304067,77
287,861,8,4731,305123,77
288,864,9,4752,306208,78
289,867,9,4752,307375,78
290,870,9,4752,308452,78
291,873,9,4752,309522,78
292,876,9,4752,310618,78
293,879,9,4752,311752,78
294,882,9,4752,312911,78
295,885,9,4752,314026,78
296,888,9,4752,315166,78
297,891,9,4752,316293,78
298,894,9,4752,317391,78
299,897,9,4752,318465,78
300,900,9,4752,319632,78
301,903,9,4752,320765,78
302,906,9,4752,321879,78
303,909,9,4752,322978,78
304,912,9,4752,324033,78
305,915,9,4752,325104,78
306,918,9,4752,326245,78
307,921,9,4752,327388,78
308,924,9,4752,328476,78
309,927,9,4752,329665,78
310,930,9,4752,330740,78
311,933,9,4752,331910,78
312,936,9,4752,333037,78
313,939,9,4752,334133,78
314,942,9,4752,335298,78
315,945,9,4752,336408,78
316,948,9,4752,337595,78
317,951,9,4752,338689,78
318,954,9,4752,339826,78
319,957,9,4752,340915,78
320,960,9,4752,342049,78
321,963,9,4752,343125,78
322,966,9,4752,344208,78
323,969,9,4752,345305,78
324,972,9,4752,346411,78
325,975,9,4752,347590,78
326,978,9,4752,348661,78
327,981,9,4752,349769,78
328,984,9,4752,350821,78
329,987,9,4752,351906,78
330,990,9,4752,353075,78
331,993,9,4752,354137,78
332,996,9,4752,355225,78
333,999,9,4752,356288,78
334,1002,9,4752,357433,78
335,1005,9,4752,358618,78
336,1008,9,4752,359725,78
337,1011,9,4752,360862,78
338,1014,9,4752,361934,78
339,1017,9,4752,363035,78
340,1020,9,4752,364214,78
341,1023,9,4752,365292,78
342,1026,9,4752,366397,78
343,1029,9,4752,367559,78
344,1032,9,4752,368689,78
345,1035,9,4752,369832,78
346,1038,9,4752,370860,78
347,1041,9,4752,371948,78
348,1044,9,4752,373090,78
349,1047,9,4752,374212,78
350,1050,9,4752,375347,78
351,1053,9,4752,376507,78
352,1056,9,4752,377627,78
353,1059,9,4752,378762,78
354,1062,9,4752,379880,78
355,1065,9,4752,381009,78
356,1068,9,4752,382152,78
357,1071,9,4752,383275,78
358,1074,9,4752,384365,78
359,1077,9,4752,385545,78
360,1080,9,4752,386708,78
361,1083,9,4752,387898,78
362,1086,9,4752,389021,78
363,1089,9,4752,390141,78
364,1092,9,4752,391254,78
365,1095,9,4752,392349,78
366,1098,9,4752,393484,78
367,1101,9,4752,394624,78
368,1104,9,4752,395750,78
369,1107,9,4752,396920,78
370,1110,9,4752,398013,78
371,1113,9,4752,399087,78
372,1116,9,4752,400133,78
373,1119,9,4752,401278,78
374,1122,9,4752,402390,78
375,1125,9,4752,403424,78
376,1128,9,4752,404539,78
377,1131,9,4752,405712,78
378,1134,9,4752,406798,78
379,1137,9,4752,407908,78
380,1140,9,4752,409015,78
381,1143,9,4764,410155,79
382,1146,9,4764,411238,79
383,1149,9,4764,412381,79
384,1152,9,4764,413510,79
385,1155,9,4764,414612,79
386,1158,9,4764,415716,79
387,1161,9,4764,416852,79
388,1164,9,4764,417966,79
389,1167,9,4764,419149,79
390,1170,9,4764,420256,79
391,1173,9,4764,421420,79
392,1176,9,4764,422589,79
393,1179,9,4764,423613,79
394,1182,9,4764,424688,79
395,1185,9,4764,425776,79
396,1188,9,4764,426891,79
397,1191,9,4764,427992,79
398,1194,9,4764,429108,79
399,1197,9,4764,430235,79
400,1200,9,4764,431349,79
401,1203,9,4764,432451,79
402,1206,9,4764,433599,79
403,1209,9,4764,434714,79
404,1212,9,4764,435801,79
405,1215,9,4764,436924,79
406,1218,9,4764,438090,79
407,1221,9,4764,439199,79
408,1224,9,4774,440298,80
409,1227,9,4774,441429,80
410,1230,9,4774,442565,80
411,1233,9,4774,443687,80
412,1236,9,4774,444775,80
413,1239,9,4774,445859,80
414,1242,9,4774,446937,80
415,1245,9,4774,448093,80
416,1248,9,4774,449244,80
417,1251,9,4774,450399,80
418,1254,9,4774,451528,80
419,1257,9,4774,452640,80
420,1260,9,4774,453781,80
421,1263,9,4774,454923,80
422,1266,9,4774,456088,80
423,1269,9,4774,457187,80
424,1272,9,4774,458383,80
425,1275,9,4774,459531,80
426,1278,9,4774,460608,80
427,1281,9,4774,461740,80
428,1284,9,4774,462927,80
429,1287,9,4774,464070,80
430,1290,9,4774,465145,80
431,1293,9,4774,466220,80
432,1296,9,4774,467328,80
433,1299,9,4774,468453,80
434,1302,9,4774,469621,80
435,1305,9,4774,470716,80
436,1308,9,4774,471806,80
437,1311,9,4774,472866,80
438,1314,9,4774,473982,80
439,1317,9,4774,475121,80
440,1320,9,4774,476225,80
441,1323,9,4774,477351,80
442,1326,9,4774,478521,80
443,1329,9,4774,479638,80
444,1332,9,4774,480732,80
445,1335,9,4774,481844,80
446,1338,9,4774,482959,80
447,1341,9,4774,484138,80
448,1344,9,4774,485299,80
449,1347,9,4774,486412,80
450,1350,9,4774,487550,80
451,1353,9,4774,488681,80
452,1356,9,4774,489794,80
453,1359,9,4774,490978,80
454,1362,9,4774,492059,80
455,1365,9,4774,493176,80
456,1368,9,4774,494328,80
457,1371,9,4774,495438,80
458,1374,9,4774,496535,80
459,1377,9,4774,497619,80
460,1380,9,4774,498715,80
461,1383,9,4774,499766,80
462,1386,9,4774,500908,80
463,1389,9,4774,502096,80
464,1392,9,4774,503222,80
465,1395,9,4774,504352,80
466,1398,9,4774,505521,80
467,1401,9,4774,506630,80
468,1404,9,4774,507767,80
469,1407,9,4774,508861,80
470,1410,9,4774,510001,80
471,1413,9,4774,511049,80
472,1416,9,4774,512111,80
473,1419,9,4774,513179,80
474,1422,9,4774,514245,80
475,1425,9,4774,515351,80
476,1428,9,4774,516505,80
477,1431,9,4774,517655,80
478,1434,9,4774,518770,80
479,1437,9,4774,519867,80
480,1440,9,4774,520971,80
481,1443,9,4774,522051,80
482,1446,9,4774,523191,80
483,1449,9,4774,524325,80
484,1452,9,4774,525451,80
485,1455,9,4774,526597,80
486,1458,9,4774,527694,80
487,1461,9,4774,528838,80
488,1464,9,4774,529958,80
489,1467,9,4774,531081,80
490,1470,9,4774,532171,80
491,1473,9,4774,533315,80
492,1476,9,4774,534467,80
493,1479,9,4774,535582,80
494,1482,9,4774,536745,80
495,1485,9,4774,537898,80
496,1488,9,4774,539027,80
497,1491,9,4774,540170,80
498,1494,9,4774,541241,80
499,1497,9,4774,542351,80
500,1500,9,4774,543509,80
501,1503,9,4774,544630,80
502,1506,9,4774,545745,80
503,1509,9,4774,546934,80
504,1512,9,4774,548036,80
505,1515,9,4774,549097,80
506,1518,9,4774,550217,80
507,1521,9,4774,551336,80
508,1524,9,4774,552418,80
509,1527,9,4774,553503,80
510,1530,9,4774,554686,80
511,1533,9,4774,555791,80
512,1536,9,4774,556912,80
513,1539,9,4774,557975,80
514,1542,9,4774,559054,80
515,1545,9,4774,560113,80
516,1548,9,4774,561241,80
517,1551,9,4774,562350,80
518,1554,9,4774,563508,80
519,1557,9,4774,564577,80
520,1560,9,4774,565704,80
521,1563,9,4774,566804,80
522,1566,9,4774,567942,80
523,1569,9,4774,569030,80
524,1572,9,4774,570197,80
525,1575,9,4774,571280,80
526,1578,9,4774,572439,80
527,1581,9,4786,573616,81
528,1584,9,4786,574755,81
529,1587,9,4786,575881,81
530,1590,9,4786,576985,81
531,1593,9,4786,578116,81
532,1596,9,4786,579238,81
533,1599,9,4798,580384,82
534,1602,9,4798,581456,82
535,1605,9,4798,582663,82
536,1608,9,4798,583791,82
537,1611,9,4798,584903,82
538,1614,9,4798,585996,82
539,1617,9,4798,587141,82
540,1620,9,4798,588311,82
541,1623,9,4798,589462,82
542,1626,9,4798,590574,82
543,1629,9,4809,591689,83
544,1632,9,4809,592791,83
545,1635,9,4809,593930,83
546,1638,9,4809,594978,83
547,1641,9,4809,596103,83
548,1644,9,4809,597213,83
549,1647,9,4809,598351,83
550,1650,9,4809,599493,83
551,1653,9,4809,600628,83
552,1656,9,4809,601767,83
553,1659,9,4809,602870,83
554,1662,9,4809,603977,83
555,1665,9,4809,605155,83
556,1668,9,4809,606261,83
557,1671,9,4809,607355,83
558,1674,9,4809,608438,83
559,1677,9,4809,609611,83
560,1680,9,4809,610780,83
561,1683,9,4809,611841,83
562,1686,9,4809,612939,83
563,1689,9,4809,614014,83
564,1692,9,4809,615175,83
565,1695,9,4809,616265,83
566,1698,9,4809,617388,83
567,1701,9,4809,618495,83
568,1704,9,4809,619588,83
569,1707,9,4809,620692,83
570,1710,9,4809,621791,83
571,1713,9,4809,622847,83
572,1716,9,4809,623977,83
573,1719,9,4809,625076,83
574,1722,9,4809,626155,83
575,1725,9,4809,627246,83
576,1728,9,4809,628373,83
577,1731,9,4809,629496,83
578,1734,9,4809,630602,83
579,1737,9,4809,631681,83
580,1740,9,4809,632791,83
581,1743,9,4809,633895,83
582,1746,9,4809,635055,83
583,1749,9,4809,636231,83
584,1752,9,4809,637345,83
585,1755,9,4809,638506,83
586,1758,9,4809,639560,83
587,1761,9,4809,640713,83
588,1764,9,4809,641866,83
589,1767,9,4809,642941,83
590,1770,9,4809,644014,83
591,1773,9,4809,645119,83
592,1776,9,4809,646199,83
593,1779,9,4809,647298,83
594,1782,9,4809,648392,83
595,1785,9,4809,649501,83
596,1788,9,4809,650573,83
597,1791,9,4809,651647,83
598,1794,9,4809,652770,83
599,1797,9,4809,653848,83
600,1800,9,4809,654928,83
601,1803,9,4809,656028,83
602,1806,9,4809,657179,83
603,1809,9,4809,658301,83
604,1812,9,4822,659417,84
605,1815,9,4822,660513,84
606,1818,9,4822,661630,84
607,1821,9,4822,662800,84
608,1824,9,4834,663910,85
609,1827,9,4834,665070,85
610,1830,9,4834,666178,85
611,1833,9,4834,667320,85
612,1836,9,4834,668435,85
613,1839,9,4834,669520,85
614,1842,9,4834,670627,85
615,1845,9,4834,671746,85
616,1848,9,4834,672938,85
617,1851,9,4834,674035,85
618,1854,9,4834,675083,85
619,1857,9,4834,676222,85
620,1860,9,4834,677336,85
621,1863,9,4834,678392,85
622,1866,9,4834,679555,85
623,1869,9,4834,680642,85
624,1872,9,4834,681796,85
625,1875,9,4834,682935,85
626,1878,9,4834,684071,85
627,1881,9,4834,685146,85
628,1884,9,4834,686259,85
629,1887,9,4834,687340,85
630,1890,9,4834,688451,85
631,1893,9,4834,689588,85
632,1896,9,4834,690748,85
633,1899,9,4834,691863,85
634,1902,9,4834,692994,85
635,1905,9,4834,694158,85
636,1908,9,4834,695228,85
637,1911,9,4834,696294,85
638,1914,9,4834,697414,85
639,1917,9,4834,698523,85
640,1920,9,4834,699631,85
641,1923,9,4834,700806,85
642,1926,9,4834,701885,85
643,1929,9,4834,702925,85
644,1932,9,4834,704022,85
645,1935,9,4834,705092,85
646,1938,9,4834,706208,85
647,1941,9,4834,707298,85
648,1944,9,4834,708371,85
649,1947,9,4834,709530,85
650,1950,9,4834,710620,85
651,1953,9,4834,711706,85
652,1956,9,4834,712783,85
653,1959,9,4834,713925,85
654,1962,9,4834,715048,85
655,1965,9,4834,716143,85
656,1968,9,4834,717321,85
657,1971,9,4834,718437,85
658,1974,9,4834,719546,85
659,1977,9,4834,720633,85
660,1980,9,4834,721740,85
661,1983,9,4834,722890,85
662,1986,9,4834,724011,85
663,1989,9,4834,725109,85
664,1992,9,4834,726202,85
665,1995,9,4834,727369,85
666,1998,9,4834,728493,85
667,2001,9,4834,729647,85
668,2004,9,4834,730744,85
669,2007,9,4834,731810,85
670,2010,9,4834,732991,85
671,2013,9,4834,734087,85
672,2016,9,4834,735223,85
673,2019,9,4834,736292,85
674,2022,9,4834,737435,85
675,2025,9,4834,738565,85
676,2028,9,4834,739700,85
677,2031,9,4834,740852,85
678,2034,9,4834,741973,85
679,2037,9,4834,743110,85
680,2040,9,4834,744244,85
681,2043,9,4834,745330,85
682,2046,9,4834,746522,85
683,2049,9,4834,747623,85
684,2052,9,4834,748732,85
685,2055,9,4834,749823,85
686,2058,9,4834,750903,85
687,2061,9,4834,752015,85
688,2064,9,4834,753064,85
689,2067,9,4834,754177,85
690,2070,9,4834,755252,85
691,2073,9,4834,756352,85
692,2076,9,4834,757442,85
693,2079,9,4834,758598,85
694,2082,9,4834,759750,85
695,2085,9,4834,760903,85
696,2088,9,4834,762046,85
697,2091,9,4834,763171,85
698,2094,9,4881,764235,86
699,2097,9,4881,765335,86
700,2100,9,4881,766466,86
701,2103,9,4881,767586,86
702,2106,9,4881,768725,86
703,2109,9,4881,769874,86
704,2112,9,4881,770952,86
705,2115,9,4881,772052,86
706,2118,9,4881,773169,86
707,2121,9,4881,774282,86
708,2124,9,4881,775424,86
709,2127,9,4881,776541,86
710,2130,9,4881,777679,86
711,2133,9,4881,778772,86
712,2136,9,4881,779909,86
713,2139,9,4881,781021,86
714,2142,9,4881,782165,86
715,2145,9,4881,783311,86
716,2148,9,4881,784461,86
717,2151,9,4881,785579,86
718,2154,9,4881,786617,86
719,2157,9,4881,787756,86
720,2160,9,4881,788899,86
721,2163,9,4881,790033,86
722,2166,9,4881,791144,86
723,2169,9,4881,792280,86
724,2172,9,4881,793364,86
725,2175,9,4881,794523,86
726,2178,9,4881,795586,86
727,2181,9,4881,796715,86
728,2184,9,4881,797868,86
729,2187,9,4881,798949,86
730,2190,9,4881,800014,86
731,2193,9,4881,801141,86
732,2196,9,4881,802326,86
733,2199,9,4881,803454,86
734,2202,9,4881,804613,86
735,2205,9,4881,805795,86
736,2208,9,4881,806904,86
737,2211,9,4917,808057,87
738,2214,9,4917,809155,87
739,2217,9,4917,810336,87
740,2220,9,4917,811412,87
741,2223,9,4917,812567,87
742,2226,10,4938,813684,88
743,2229,10,4938,814852,88
744,2232,10,4938,816043,88
745,2235,10,4938,817176,88
746,2238,10,4938,818319,88
747,2241,10,4938,819484,88
748,2244,10,4938,820577,88
749,2247,10,4938,821753,88
750,2250,10,4938,822808,88
751,2253,10,4938,823995,88
752,2256,10,4938,825129,88
753,2259,10,4938,826276,88
754,2262,10,4938,827421,88
755,2265,10,4938,828626,88
756,2268,10,4938,829807,88
757,2271,10,4938,830939,88
758,2274,10,4938,832054,88
759,2277,10,4938,833176,88
760,2280,10,4938,834340,88
761,2283,10,4938,835491,88
762,2286,10,4938,836642,88
763,2289,10,4938,837793,88
764,2292,10,4938,838991,88
765,2295,10,4938,840155,88
766,2298,10,4938,841281,88
767,2301,10,4938,842450,88
768,2304,10,4938,843557,88
769,2307,10,4938,844695,88
770,2310,10,4938,845838,88
771,2313,10,4938,846980,88
772,2316,10,4938,848070,88
773,2319,10,4938,849185,88
774,2322,10,4938,850288,88
775,2325,10,4938,851419,88
776,2328,10,4938,852531,88
777,2331,10,4938,853636,88
778,2334,10,4938,854796,88
779,2337,10,4938,855949,88
780,2340,10,4938,857106,88
781,2343,10,4938,858260,88
782,2346,10,4938,859427,88
783,2349,10,4938,860549,88
784,2352,10,4938,861706,88
785,2355,10,4938,862875,88
786,2358,10,4938,864023,88
787,2361,10,4938,865152,88
788,2364,10,4938,866297,88
789,2367,10,4938,867422,88
790,2370,10,4938,868507,88
791,2373,10,4938,869647,88
792,2376,10,4938,870771,88
793,2379,10,4938,871915,88
794,2382,10,4938,873073,88
795,2385,10,4938,874171,88
796,2388,10,4938,875298,88
797,2391,10,4938,876358,88
798,2394,10,4938,877478,88
799,2397,10,4938,878610,88
800,2400,10,4938,879695,88
801,2403,10,4938,880858,88
802,2406,10,4938,882071,88
803,2409,10,4938,883172,88
804,2412,10,4938,884394,88
805,2415,10,4938,885569,88
806,2418,10,4938,886711,88
807,2421,10,4938,887873,88
808,2424,10,4938,889054,88
809,2427,10,4938,890250,88
810,2430,10,4938,891317,88
811,2433,10,4938,892422,88
812,2436,10,4938,893583,88
813,2439,10,4938,894730,88
814,2442,10,4938,895890,88
815,2445,10,4938,897049,88
816,2448,10,4938,898219,88
817,2451,10,4938,899398,88
818,2454,10,4938,900511,88
819,2457,10,4938,901644,88
820,2460,10,4938,902821,88
821,2463,10,4938,903979,88
822,2466,10,4938,905155,88
823,2469,10,4938,906263,88
824,2472,10,4938,907397,88
825,2475,10,4938,908509,88
826,2478,10,4938,909695,88
827,2481,10,4938,910863,88
828,2484,10,4938,911936,88
829,2487,11,4959,913041,89
830,2490,11,4959,914125,89
831,2493,11,4959,915258,89
832,2496,11,4959,916436,89
833,2499,11,4959,917580,89
834,2502,11,4959,918714,89
835,2505,11,4959,919906,89
836,2508,11,4959,921104,89
837,2511,11,4959,922294,89
838,2514,11,4959,923437,89
839,2517,11,4959,924584,89
840,2520,11,4959,925755,89
841,2523,11,4959,926928,89
842,2526,11,4959,928161,89
843,2529,11,4959,929309,89
844,2532,11,4959,930531,89
845,2535,11,4959,931676,89
846,2538,11,4959,932918,89
847,2541,11,4959,934103,89
848,2544,11,4959,935254,89
849,2547,11,4959,936367,89
850,2550,11,4959,937533,89
851,2553,11,4959,938706,89
852,2556,11,4959,939893,89
853,2559,11,4959,941066,89
854,2562,11,4959,942214,89
855,2565,11,4959,943352,89
856,2568,11,4969,944538,90
857,2571,11,4969,945667,90
858,2574,11,4969,946890,90
859,2577,11,4969,948025,90
860,2580,11,4969,949218,90
861,2583,11,4969,950369,90
862,2586,11,4969,951541,90
863,2589,11,4969,952718,90
864,2592,11,4969,953934,90
865,2595,11,4979,955053,91
866,2598,11,4979,956216,91
867,2601,11,4979,957372,91
868,2604,11,4979,958554,91
869,2607,11,4979,959751,91
870,2610,11,4979,960909,91
871,2613,11,4979,962103,91
872,2616,11,4979,963238,91
873,2619,11,4979,964429,91
874,2622,11,4979,965596,91
875,2625,11,5001,966743,92
876,2628,11,5001,967943,92
877,2631,11,5001,969188,92
878,2634,11,5001,970352,92
879,2637,11,5001,971481,92
880,2640,11,5001,972586,92
881,2643,11,5001,973750,92
882,2646,11,5001,974931,92
883,2649,11,5001,976059,92
884,2652,11,5001,977231,92
885,2655,11,5001,978416,92
886,2658,11,5001,979516,92
887,2661,11,5001,980640,92
888,2664,11,5001,981782,92
889,2667,11,5001,982943,92
890,2670,11,5001,984087,92
891,2673,11,5001,985263,92
892,2676,11,5001,986411,92
893,2679,11,5001,987638,92
894,2682,11,5001,988822,92
895,2685,11,5001,990007,92
896,2688,11,5001,991141,92
897,2691,11,5001,992304,92
898,2694,11,5001,993423,92
899,2697,11,5001,994592,92
900,2700,11,5001,995798,92
901,2703,11,5001,996990,92
902,2706,11,5001,998143,92
903,2709,11,5001,999331,92
904,2712,11,5001,1000470,92
905,2715,11,5001,1001622,92
906,2718,11,5001,1002763,92
907,2721,11,5001,1003990,92
908,2724,11,5001,1005142,92
909,2727,11,5001,1006287,92
910,2730,11,5001,1007418,92
911,2733,11,5001,1008577,92
912,2736,11,5001,1009785,92
913,2739,11,5001,1010969,92
914,2742,11,5001,1012132,92
915,2745,11,5001,1013251,92
916,2748,11,5001,1014405,92
917,2751,11,5001,1015532,92
918,2754,11,5001,1016698,92
919,2757,11,5001,1017824,92
920,2760,11,5001,1018994,92
921,2763,11,5001,1020158,92
922,2766,11,5001,1021380,92
923,2769,11,5001,1022547,92
924,2772,11,5001,1023627,92
925,2775,11,5001,1024827,92
926,2778,11,5001,1025995,92
927,2781,11,5001,1027157,92
928,2784,11,5001,1028384,92
929,2787,11,5001,1029601,92
930,2790,11,5001,1030769,92
931,2793,11,5001,1031942,92
932,2796,11,5001,1033145,92
933,2799,11,5001,1034306,92
934,2802,11,5001,1035474,92
935,2805,11,5001,1036662,92
936,2808,11,5001,1037870,92
937,2811,11,5001,1039028,92
938,2814,11,5001,1040161,92
939,2817,11,5001,1041364,92
940,2820,11,5001,1042534,92
941,2823,11,5001,1043694,92
942,2826,11,5001,1044809,92
943,2829,11,5001,1045948,92
944,2832,11,5001,1047089,92
945,2835,11,5001,1048290,92
946,2838,11,5001,1049504,92
947,2841,11,5001,1050634,92
948,2844,11,5001,1051838,92
949,2847,11,5001,1052953,92
950,2850,11,5001,1054042,92
951,2853,11,5001,1055221,92
952,2856,11,5001,1056367,92
953,2859,11,5001,1057538,92
954,2862,11,5001,1058637,92
955,2865,11,5001,1059820,92
956,2868,11,5001,1061000,92
957,2871,11,5001,1062090,92
958,2874,11,5001,1063299,92
959,2877,11,5001,1064438,92
960,2880,11,5001,1065534,92
961,2883,11,5001,1066717,92
962,2886,11,5001,1067876,92
963,2889,11,5001,1069111,92
964,2892,11,5001,1070319,92
965,2895,11,5001,1071485,92
966,2898,11,5001,1072653,92
967,2901,11,5001,1073764,92
968,2904,11,5001,1074975,92
969,2907,11,5001,1076180,92
970,2910,11,5001,1077317,92
971,2913,11,5001,1078429,92
972,2916,11,5001,1079617,92
973,2919,11,5001,1080809,92
974,2922,11,5001,1081968,92
975,2925,11,5001,1083172,92
976,2928,11,5001,1084416,92
977,2931,11,5001,1085615,92
978,2934,11,5001,1086787,92
979,2937,11,5001,1087944,92
980,2940,11,5001,1089059,92
981,2943,11,5001,1090170,92
982,2946,11,5001,1091303,92
983,2949,11,5001,1092466,92
984,2952,11,5001,1093569,92
985,2955,11,5001,1094651,92
986,2958,11,5001,1095822,92
987,2961,11,5001,1097005,92
988,2964,11,5001,1098158,92
989,2967,11,5001,1099317,92
990,2970,11,5001,1100484,92
991,2973,11,5001,1101704,92
992,2976,11,5001,1102888,92
993,2979,11,5001,1104043,92
994,2982,11,5001,1105235,92
995,2985,11,5001,1106375,92
996,2988,11,5001,1107519,92
997,2991,11,5001,1108653,92
998,2994,11,5001,1109840,92
999,2997,11,5001,1111076,92
1000,3000,11,5001,1112222,92
1001,3003,11,5001,1113308,92
1002,3006,11,5001,1114506,92
1003,3009,11,5001,1115680,92
1004,3012,11,5001,1116866,92
1005,3015,11,5001,1117978,92
1006,3018,11,5001,1119108,92
1007,3021,11,5001,1120218,92
1008,3024,11,5001,1121375,92
1009,3027,11,5001,1122427,92
1010,3030,11,5001,1123558,92
1011,3033,11,5001,1124679,92
1012,3036,11,5001,1125885,92
1013,3039,11,5001,1127128,92
1014,3042,11,5001,1128338,92
1015,3045,11,5001,1129510,92
1016,3048,11,5001,1130682,92
1017,3051,11,5001,1131892,92
1018,3054,11,5001,1133098,92
1019,3057,11,5001,1134203,92
1020,3060,11,5001,1135388,92
1021,3063,11,5001,1136562,92
1022,3066,11,5001,1137705,92
1023,3069,11,5001,1138887,92
1024,3072,11,5001,1140028,92
1025,3075,11,5001,1141158,92
1026,3078,11,5001,1142352,92
1027,3081,11,5001,1143507,92
1028,3084,11,5001,1144698,92
1029,3087,11,5001,1145848,92
1030,3090,11,5001,1146978,92
1031,3093,11,5001,1148174,92
1032,3096,11,5001,1149343,92
1033,3099,11,5001,1150525,92
1034,3102,11,5001,1151739,92
1035,3105,11,5001,1152842,92
1036,3108,11,5001,1154045,92
1037,3111,11,5001,1155163,92
1038,3114,11,5001,1156262,92
1039,3117,11,5001,1157458,92
1040,3120,11,5001,1158641,92
1041,3123,11,5001,1159771,92
1042,3126,11,5001,1160907,92
1043,3129,11,5001,1162064,92
1044,3132,11,5001,1163245,92
1045,3135,11,5001,1164353,92
1046,3138,11,5001,1165483,92
1047,3141,11,5001,1166652,92
1048,3144,11,5001,1167860,92
1049,3147,11,5001,1169006,92
1050,3150,11,5001,1170201,92
1051,3153,11,5001,1171392,92
1052,3156,11,5001,1172530,92
1053,3159,11,5001,1173780,92
1054,3162,11,5001,1174871,92
1055,3165,11,5001,1176000,92
1056,3168,11,5001,1177109,92
1057,3171,11,5001,1178273,92
1058,3174,11,5001,1179416,92
1059,3177,11,5001,1180542,92
1060,3180,11,5001,1181761,92
1061,3183,11,5001,1182917,92
1062,3186,11,5001,1184037,92
1063,3189,11,5001,1185200,92
1064,3192,11,5001,1186349,92
1065,3195,11,5001,1187484,92
1066,3198,11,5001,1188708,92
1067,3201,11,5001,1189865,92
1068,3204,11,5001,1191034,92
1069,3207,11,5001,1192222,92
1070,3210,11,5001,1193362,92
1071,3213,11,5001,1194543,92
1072,3216,11,5001,1195663,92
1073,3219,11,5001,1196869,92
1074,3222,11,5001,1198064,92
1075,3225,11,5001,1199215,92
1076,3228,11,5001,1200405,92
1077,3231,11,5001,1201524,92
1078,3234,11,5001,1202690,92
1079,3237,11,5001,1203873,92
1080,3240,11,5001,1204970,92
1081,3243,11,5001,1206077,92
1082,3246,11,5001,1207204,92
1083,3249,11,5001,1208336,92
1084,3252,11,5001,1209431,92
1085,3255,11,5001,1210542,92
1086,3258,11,5001,1211710,92
1087,3261,11,5001,1212847,92
1088,3264,11,5001,1214024,92
1089,3267,11,5001,1215241,92
1090,3270,11,5001,1216364,92
1091,3273,11,5001,1217508,92
1092,3276,11,5001,1218653,92
1093,3279,11,5001,1219811,92
1094,3282,11,5001,1220995,92
1095,3285,11,5001,1222141,92
1096,3288,11,5001,1223333,92
1097,3291,11,5001,1224450,92
1098,3294,11,5001,1225628,92
1099,3297,11,5001,1226799,92
1100,3300,11,5001,1227936,92
1101,3303,11,5001,1229032,92
1102,3306,11,5001,1230225,92
1103,3309,11,5001,1231384,92
1104,3312,11,5001,1232598,92
1105,3315,11,5001,1233760,92
1106,3318,11,5001,1234938,92
1107,3321,11,5001,1236130,92
1108,3324,11,5001,1237320,92
1109,3327,11,5001,1238424,92
1110,3330,11,5001,1239524,92
1111,3333,11,5001,1240731,92
1112,3336,11,5001,1241912,92
1113,3339,11,5001,1243067,92
1114,3342,11,5001,1244215,92
1115,3345,11,5001,1245358,92
1116,3348,11,5001,1246522,92
1117,3351,11,5001,1247642,92
1118,3354,11,5001,1248847,92
1119,3357,11,5001,1249971,92
1120,3360,11,5001,1251162,92
1121,3363,11,5001,1252325,92
1122,3366,11,5001,1253518,92
1123,3369,11,5001,1254655,92
1124,3372,11,5001,1255802,92
1125,3375,11,5001,1256905,92
1126,3378,11,5001,1258053,92
1127,3381,11,5001,1259242,92
1128,3384,11,5001,1260427,92
1129,3387,11,5001,1261572,92
1130,3390,11,5001,1262626,92
1131,3393,11,5001,1263779,92
1132,3396,11,5001,1264918,92
1133,3399,11,5001,1266098,92
1134,3402,11,5001,1267189,92
1135,3405,11,5001,1268365,92
1136,3408,11,5001,1269511,92
1137,3411,11,5001,1270639,92
1138,3414,11,5001,1271792,92
1139,3417,11,5001,1273016,92
1140,3420,11,5001,1274254,92
1141,3423,11,5001,1275327,92
1142,3426,11,5001,1276419,92
1143,3429,11,5001,1277603,92
1144,3432,11,5001,1278758,92
1145,3435,11,5001,1279884,92
1146,3438,11,5001,1281079,92
1147,3441,11,5001,1282296,92
1148,3444,11,5001,1283508,92
1149,3447,11,5001,1284724,92
1150,3450,11,5001,1285878,92
1151,3453,11,5001,1287079,92
1152,3456,11,5001,1288357,92
1153,3459,11,5001,1289546,92
1154,3462,11,5001,1290715,92
1155,3465,11,5001,1291829,92
1156,3468,11,5001,1293006,92
1157,3471,11,5001,1294071,92
1158,3474,11,5001,1295295,92
1159,3477,11,5001,1296412,92
1160,3480,11,5001,1297555,92
1161,3483,11,5001,1298757,92
1162,3486,11,5001,1299968,92
1163,3489,11,5001,1301094,92
1164,3492,11,5001,1302242,92
1165,3495,11,5001,1303439,92
1166,3498,11,5001,1304631,92
1167,3501,11,5001,1305839,92
1168,3504,11,5001,1307000,92
1169,3507,11,5001,1308181,92
1170,3510,11,5001,1309392,92
1171,3513,11,5001,1310557,92
1172,3516,11,5001,1311762,92
1173,3519,11,5001,1312964,92
1174,3522,11,5001,1314136,92
1175,3525,11,5001,1315192,92
1176,3528,11,5001,1316372,92
1177,3531,11,5001,1317501,92
1178,3534,11,5001,1318649,92
1179,3537,11,5001,1319771,92
1180,3540,11,5001,1320950,92
1181,3543,11,5001,1322137,92
1182,3546,11,5001,1323328,92
1183,3549,11,5001,1324509,92
1184,3552,11,5001,1325649,92
1185,3555,11,5001,1326836,92
1186,3558,11,5001,1327896,92
1187,3561,11,5001,1329024,92
1188,3564,11,5001,1330211,92
1189,3567,11,5001,1331412,92
1190,3570,11,5001,1332580,92
1191,3573,11,5001,1333717,92
1192,3576,11,5001,1334856,92
1193,3579,11,5001,1336014,92
1194,3582,11,5001,1337230,92
1195,3585,11,5001,1338441,92
1196,3588,11,5001,1339612,92
1197,3591,11,5001,1340784,92
1198,3594,11,5001,1341999,92
1199,3597,11,5001,1343226,92
1200,3600,11,5001,1344395,92
1201,3603,11,5001,1345559,92
1202,3606,11,5001,1346734,92
1203,3609,11,5001,1347942,92
1204,3612,11,5001,1349129,92
1205,3615,11,5001,1350297,92
1206,3618,11,5001,1351482,92
1207,3621,11,5001,1352670,92
1208,3624,11,5001,1353801,92
1209,3627,11,5001,1355019,92
1210,3630,11,5001,1356119,92
1211,3633,11,5001,1357337,92
1212,3636,11,5001,1358501,92
1213,3639,11,5001,1359620,92
1214,3642,11,5001,1360815,92
1215,3645,11,5001,1361953,92
1216,3648,11,5001,1363132,92
1217,3651,11,5001,1364262,92
1218,3654,11,5001,1365355,92
1219,3657,11,5001,1366489,92
1220,3660,11,5001,1367593,92
1221,3663,11,5001,1368763,92
1222,3666,11,5001,1369922,92
1223,3669,11,5001,1371109,92
1224,3672,11,5001,1372317,92
1225,3675,11,5001,1373466,92
1226,3678,11,5001,1374610,92
1227,3681,11,5001,1375815,92
1228,3684,11,5001,1376978,92
1229,3687,11,5001,1378069,92
1230,3690,11,5001,1379219,92
1231,3693,11,5001,1380405,92
1232,3696,11,5001,1381554,92
1233,3699,11,5001,1382707,92
1234,3702,11,5001,1383861,92
1235,3705,11,5001,1385007,92
1236,3708,11,5001,1386171,92
1237,3711,11,5001,1387344,92
1238,3714,11,5001,1388508,92
1239,3717,11,5001,1389661,92
1240,3720,11,5001,1390810,92
1241,3723,11,5001,1391985,92
1242,3726,11,5001,1393089,92
1243,3729,11,5001,1394249,92
1244,3732,11,5001,1395349,92
1245,3735,11,5001,1396547,92
1246,3738,11,5001,1397786,92
1247,3741,11,5001,1398947,92
1248,3744,11,5001,1400142,92
1249,3747,11,5001,1401268,92
1250,3750,11,5001,1402475,92
1251,3753,11,5001,1403673,92
1252,3756,11,5001,1404821,92
1253,3759,11,5001,1406024,92
1254,3762,11,5001,1407184,92
1255,3765,11,5001,1408343,92
1256,3768,11,5001,1409551,92
1257,3771,11,5001,1410660,92
1258,3774,11,5001,1411842,92
1259,3777,11,5001,1413042,92
1260,3780,11,5001,1414198,92
1261,3783,11,5001,1415366,92
1262,3786,11,5001,1416549,92
1263,3789,11,5001,1417671,92
1264,3792,11,5001,1418818,92
1265,3795,11,5001,1419965,92
1266,3798,11,5001,1421090,92
1267,3801,11,5001,1422240,92
1268,3804,11,5001,1423422,92
1269,3807,11,5001,1424535,92
1270,3810,11,5001,1425675,92
1271,3813,11,5001,1426816,92
1272,3816,11,5001,1427991,92
1273,3819,11,5001,1429179,92
1274,3822,11,5001,1430336,92
1275,3825,11,5001,1431508,92
1276,3828,11,5001,1432657,92
1277,3831,11,5001,1433825,92
1278,3834,11,5001,1435008,92
1279,3837,11,5001,1436072,92
1280,3840,11,5001,1437233,92
1281,3843,11,5001,1438391,92
1282,3846,11,5001,1439546,92
1283,3849,11,5001,1440788,92
1284,3852,11,5001,1441981,92
1285,3855,11,5001,1443169,92
1286,3858,11,5001,1444315,92
1287,3861,11,5001,1445547,92
1288,3864,11,5001,1446736,92
1289,3867,11,5001,1447895,92
1290,3870,11,5001,1449100,92
1291,3873,11,5001,1450261,92
1292,3876,11,5001,1451438,92
1293,3879,11,5001,1452628,92
1294,3882,11,5001,1453719,92
1295,3885,11,5001,1454856,92
1296,3888,11,5001,1456060,92
1297,3891,11,5001,1457268,92
1298,3894,11,5001,1458475,92
1299,3897,11,5001,1459655,92
1300,3900,11,5001,1460822,92
1301,3903,11,5001,1461985,92
1302,3906,11,5001,1463203,92
1303,3909,11,5001,1464406,92
1304,3912,11,5001,1465516,92
1305,3915,11,5001,1466668,92
1306,3918,11,5001,1467853,92
1307,3921,11,5001,1468967,92
1308,3924,11,5001,1470158,92
1309,3927,11,5001,1471396,92
1310,3930,11,5001,1472512,92
1311,3933,11,5001,1473699,92
1312,3936,11,5001,1474887,92
1313,3939,11,5001,1476041,92
1314,3942,11,5001,1477230,92
1315,3945,11,5001,1478438,92
1316,3948,11,5001,1479626,92
1317,3951,11,5001,1480729,92
1318,3954,11,5001,1481895,92
1319,3957,11,5001,1483043,92
1320,3960,11,5001,1484195,92
1321,3963,11,5001,1485371,92
1322,3966,11,5001,1486530,92
1323,3969,11,5001,1487658,92
1324,3972,11,5001,1488795,92
1325,3975,11,5001,1489993,92
1326,3978,11,5001,1491162,92
1327,3981,11,5001,1492415,92
1328,3984,11,5001,1493615,92
1329,3987,11,5001,1494728,92
1330,3990,11,5001,1495900,92
1331,3993,11,5001,1497056,92
1332,3996,11,5001,1498242,92
1333,3999,11,5001,1499382,92
1334,4002,11,5001,1500629,92
1335,4005,11,5001,1501749,92
1336,4008,11,5001,1502959,92
1337,4011,11,5001,1504157,92
1338,4014,11,5001,1505300,92
1339,4017,11,5001,1506386,92
1340,4020,11,5001,1507567,92
1341,4023,11,5001,1508756,92
1342,4026,11,5001,1509861,92
1343,4029,11,5001,1511069,92
1344,4032,11,5001,1512188,92
1345,4035,11,5001,1513306,92
1346,4038,11,5001,1514500,92
1347,4041,11,5001,1515689,92
1348,4044,11,5001,1516885,92
1349,4047,11,5001,1518068,92
1350,4050,11,5001,1519233,92
1351,4053,11,5001,1520363,92
1352,4056,11,5001,1521491,92
1353,4059,11,5001,1522623,92
1354,4062,11,5001,1523828,92
1355,4065,11,5001,1525030,92
1356,4068,11,5001,1526202,92
1357,4071,11,5001,1527372,92
1358,4074,11,5001,1528519,92
1359,4077,11,5001,1529686,92
1360,4080,11,5001,1530897,92
1361,4083,11,5001,1532038,92
1362,4086,11,5001,1533172,92
1363,4089,11,5001,1534359,92
1364,4092,11,5001,1535523,92
1365,4095,11,5001,1536697,92
1366,4098,11,5001,1537838,92
1367,4101,11,5001,1538960,92
1368,4104,11,5001,1540206,92
1369,4107,11,5001,1541381,92
1370,4110,11,5001,1542568,92
1371,4113,11,5001,1543742,92
1372,4116,11,5001,1544839,92
1373,4119,11,5001,1545967,92
1374,4122,11,5001,1547150,92
1375,4125,11,5001,1548333,92
1376,4128,11,5001,1549520,92
1377,4131,11,5001,1550646,92
1378,4134,11,5001,1551826,92
1379,4137,11,5001,1553026,92
1380,4140,11,5001,1554138,92
1381,4143,11,5001,1555253,92
1382,4146,11,5001,1556467,92
1383,4149,11,5013,1557682,93
1384,4152,11,5013,1558893,93
1385,4155,11,5013,1560084,93
1386,4158,11,5013,1561154,93
1387,4161,11,5013,1562369,93
1388,4164,11,5013,1563544,93
1389,4167,11,5013,1564665,93
1390,4170,11,5013,1565834,93
1391,4173,11,5013,1567038,93
1392,4176,11,5013,1568219,93
1393,4179,11,5013,1569354,93
1394,4182,11,5013,1570516,93
1395,4185,11,5013,1571690,93
1396,4188,11,5013,1572835,93
1397,4191,11,5013,1574007,93
1398,4194,11,5013,1575197,93
1399,4197,11,5013,1576408,93
1400,4200,11,5013,1577575,93
1401,4203,11,5013,1578800,93
1402,4206,11,5013,1580002,93
1403,4209,11,5013,1581186,93
1404,4212,11,5013,1582342,93
1405,4215,11,5013,1583588,93
1406,4218,11,5013,1584729,93
1407,4221,11,5013,1585870,93
1408,4224,11,5013,1587016,93
1409,4227,11,5013,1588158,93
1410,4230,11,5013,1589296,93
1411,4233,11,5013,1590435,93
1412,4236,11,5013,1591610,93
1413,4239,11,5013,1592766,93
1414,4242,11,5013,1593911,93
1415,4245,11,5013,1595064,93
1416,4248,11,5013,1596290,93
1417,4251,11,5013,1597473,93
1418,4254,11,5013,1598677,93
1419,4257,11,5013,1599884,93
1420,4260,11,5013,1601052,93
1421,4263,11,5013,1602231,93
1422,4266,11,5013,1603384,93
1423,4269,11,5013,1604555,93
1424,4272,11,5013,1605729,93
1425,4275,11,5013,1606901,93
1426,4278,11,5013,1608048,93
1427,4281,11,5013,1609212,93
1428,4284,11,5013,1610409,93
1429,4287,11,5013,1611571,93
1430,4290,11,5013,1612751,93
1431,4293,11,5013,1613911,93
1432,4296,11,5013,1615107,93
1433,4299,11,5013,1616258,93
1434,4302,11,5013,1617500,93
1435,4305,11,5013,1618589,93
1436,4308,11,5013,1619730,93
1437,4311,11,5013,1620881,93
1438,4314,11,5013,1622030,93
1439,4317,11,5013,1623236,93
1440,4320,11,5013,1624362,93
1441,4323,11,5013,1625556,93
1442,4326,11,5013,1626700,93
1443,4329,11,5013,1627817,93
1444,4332,11,5013,1629000,93
1445,4335,11,5013,1630146,93
1446,4338,11,5048,1631282,94
1447,4341,11,5048,1632485,94
1448,4344,11,5048,1633620,94
1449,4347,11,5048,1634782,94
1450,4350,11,5048,1635966,94
1451,4353,11,5048,1637108,94
1452,4356,11,5048,1638207,94
1453,4359,11,5048,1639351,94
1454,4362,11,5048,1640533,94
1455,4365,11,5048,1641721,94
1456,4368,11,5048,1642862,94
1457,4371,11,5048,1643982,94
1458,4374,11,5048,1645159,94
1459,4377,11,5048,1646352,94
1460,4380,11,5048,1647532,94
1461,4383,11,5048,1648668,94
1462,4386,11,5048,1649880,94
1463,4389,11,5048,1650990,94
1464,4392,11,5048,1652177,94
1465,4395,11,5048,1653391,94
1466,4398,11,5048,1654575,94
1467,4401,11,5048,1655755,94
1468,4404,11,5048,1656979,94
1469,4407,11,5048,1658160,94
1470,4410,11,5048,1659288,94
1471,4413,11,5048,1660435,94
1472,4416,11,5048,1661580,94
1473,4419,11,5048,1662787,94
1474,4422,11,5048,1663967,94
1475,4425,11,5048,1665168,94
1476,4428,11,5048,1666310,94
1477,4431,11,5048,1667476,94
1478,4434,11,5048,1668668,94
1479,4437,11,5048,1669837,94
1480,4440,11,5048,1670977,94
1481,4443,11,5048,1672177,94
1482,4446,11,5048,1673332,94
1483,4449,11,5048,1674506,94
1484,4452,11,5048,1675612,94
1485,4455,11,5048,1676784,94
1486,4458,11,5048,1677981,94
1487,4461,11,5048,1679185,94
1488,4464,11,5048,1680316,94
1489,4467,11,5048,1681475,94
1490,4470,11,5048,1682630,94
1491,4473,11,5048,1683777,94
1492,4476,11,5048,1684939,94
1493,4479,11,5048,1686058,94
1494,4482,11,5048,1687185,94
1495,4485,11,5048,1688343,94
1496,4488,11,5048,1689451,94
1497,4491,11,5048,1690663,94
1498,4494,11,5048,1691807,94
1499,4497,11,5048,1692955,94
1500,4500,11,5048,1694134,94
1501,4503,11,5048,1695311,94
1502,4506,11,5048,1696448,94
1503,4509,11,5048,1697606,94
1504,4512,11,5048,1698786,94
1505,4515,11,5048,1699954,94
1506,4518,11,5048,1701122,94
1507,4521,11,5048,1702281,94
1508,4524,11,5048,1703426,94
1509,4527,11,5048,1704560,94
1510,4530,11,5048,1705721,94
1511,4533,11,5048,1706841,94
1512,4536,11,5048,1708008,94
1513,4539,11,5048,1709141,94
1514,4542,11,5048,1710340,94
1515,4545,11,5048,1711524,94
1516,4548,11,5048,1712719,94
1517,4551,11,5048,1713904,94
1518,4554,11,5048,1715067,94
1519,4557,11,5048,1716214,94
1520,4560,11,5048,1717392,94
1521,4563,11,5048,1718529,94
1522,4566,11,5048,1719714,94
1523,4569,11,5048,1720902,94
1524,4572,11,5048,1722081,94
1525,4575,11,5048,1723316,94
1526,4578,11,5048,1724503,94
1527,4581,11,5048,1725669,94
1528,4584,11,5048,1726809,94
1529,4587,11,5048,1727995,94
1530,4590,11,5048,1729210,94
1531,4593,11,5048,1730311,94
1532,4596,11,5048,1731519,94
1533,4599,11,5048,1732713,94
1534,4602,11,5048,1733851,94
1535,4605,11,5048,1735042,94
1536,4608,11,5048,1736195,94
1537,4611,11,5048,1737346,94
1538,4614,11,5048,1738522,94
1539,4617,11,5048,1739619,94
1540,4620,11,5048,1740740,94
1541,4623,11,5048,1741874,94
1542,4626,11,5048,1743070,94
1543,4629,11,5048,1744285,94
1544,4632,11,5048,1745447,94
1545,4635,11,5048,1746529,94
1546,4638,11,5048,1747685,94
1547,4641,11,5048,1748828,94
1548,4644,11,5048,1749981,94
1549,4647,11,5048,1751162,94
1550,4650,11,5048,1752334,94
1551,4653,11,5048,1753537,94
1552,4656,11,5048,1754745,94
1553,4659,11,5048,1755963,94
1554,4662,11,5048,1757094,94
1555,4665,11,5048,1758260,94
1556,4668,11,5048,1759466,94
1557,4671,11,5048,1760635,94
1558,4674,11,5048,1761810,94
1559,4677,11,5048,1762994,94
1560,4680,11,5048,1764207,94
1561,4683,11,5048,1765381,94
1562,4686,11,5048,1766532,94
1563,4689,11,5048,1767763,94
1564,4692,11,5048,1768910,94
1565,4695,11,5048,1770113,94
1566,4698,11,5048,1771284,94
1567,4701,11,5048,1772481,94
1568,4704,11,5048,1773635,94
1569,4707,11,5048,1774772,94
1570,4710,11,5048,1775952,94
1571,4713,11,5048,1777062,94
1572,4716,11,5048,1778191,94
1573,4719,11,5048,1779360,94
1574,4722,11,5048,1780500,94
1575,4725,11,5048,1781676,94
1576,4728,11,5048,1782897,94
1577,4731,11,5048,1784122,94
1578,4734,11,5048,1785323,94
1579,4737,11,5048,1786538,94
1580,4740,11,5048,1787694,94
1581,4743,11,5048,1788916,94
1582,4746,11,5048,1790087,94
1583,4749,11,5048,1791315,94
1584,4752,11,5048,1792500,94
1585,4755,11,5048,1793626,94
1586,4758,11,5048,1794783,94
1587,4761,11,5048,1795972,94
1588,4764,11,5048,1797161,94
1589,4767,11,5048,1798295,94
1590,4770,11,5048,1799437,94
1591,4773,11,5048,1800500,94
1592,4776,11,5048,1801660,94
1593,4779,11,5048,1802752,94
1594,4782,11,5048,1803903,94
1595,4785,11,5048,1805037,94
1596,4788,11,5048,1806171,94
1597,4791,11,5048,1807330,94
1598,4794,11,5048,1808525,94
1599,4797,11,5048,1809756,94
1600,4800,11,5048,1810922,94
1601,4803,11,5048,1812048,94
1602,4806,11,5048,1813207,94
1603,4809,11,5048,1814359,94
1604,4812,11,5048,1815525,94
1605,4815,11,5048,1816701,94
1606,4818,11,5048,1817860,94
1607,4821,11,5048,1819032,94
1608,4824,11,5048,1820186,94
1609,4827,11,5048,1821364,94
1610,4830,11,5048,1822567,94
1611,4833,11,5048,1823817,94
1612,4836,11,5048,1824908,94
1613,4839,11,5048,1826099,94
1614,4842,11,5048,1827303,94
1615,4845,11,5048,1828479,94
1616,4848,11,5048,1829621,94
1617,4851,11,5048,1830744,94
1618,4854,11,5048,1831936,94
1619,4857,11,5048,1833086,94
1620,4860,11,5048,1834271,94
1621,4863,11,5048,1835421,94
1622,4866,11,5048,1836595,94
1623,4869,11,5048,1837786,94
1624,4872,11,5048,1838986,94
1625,4875,11,5048,1840109,94
1626,4878,11,5048,1841286,94
1627,4881,11,5048,1842514,94
1628,4884,11,5048,1843673,94
1629,4887,11,5048,1844843,94
1630,4890,11,5048,1846036,94
1631,4893,11,5048,1847187,94
1632,4896,11,5048,1848388,94
1633,4899,11,5048,1849551,94
1634,4902,11,5048,1850782,94
1635,4905,11,5048,1851959,94
1636,4908,11,5048,1853169,94
1637,4911,11,5048,1854390,94
1638,4914,11,5048,1855615,94
1639,4917,11,5048,1856779,94
1640,4920,11,5048,1857970,94
1641,4923,11,5048,1859164,94
1642,4926,11,5048,1860319,94
1643,4929,11,5048,1861440,94
1644,4932,11,5048,1862621,94
1645,4935,11,5048,1863781,94
1646,4938,11,5048,1864968,94
1647,4941,11,5048,1866130,94
1648,4944,11,5048,1867367,94
1649,4947,11,5048,1868584,94
1650,4950,11,5048,1869771,94
1651,4953,11,5048,1870948,94
1652,4956,11,5048,1872128,94
1653,4959,11,5048,1873235,94
1654,4962,11,5048,1874410,94
1655,4965,11,5048,1875590,94
1656,4968,11,5048,1876753,94
1657,4971,11,5048,1877924,94
1658,4974,11,5048,1879054,94
1659,4977,11,5048,1880217,94
1660,4980,11,5048,1881345,94
1661,4983,11,5048,1882518,94
1662,4986,11,5048,1883621,94
1663,4989,11,5048,1884731,94
1664,4992,11,5048,1885889,94
1665,4995,11,5048,1887082,94
1666,4998,11,5048,1888229,94
1667,5001,11,5048,1889368,94
1668,5004,11,5048,1890535,94
1669,5007,11,5048,1891676,94
1670,5010,11,5048,1892842,94
1671,5013,11,5048,1894010,94
1672,5016,11,5048,1895162,94
1673,5019,11,5048,1896338,94
1674,5022,11,5048,1897559,94
1675,5025,11,5048,1898707,94
1676,5028,11,5048,1899919,94
1677,5031,11,5048,1901144,94
1678,5034,11,5048,1902289,94
1679,5037,11,5048,1903507,94
1680,5040,11,5048,1904607,94
1681,5043,11,5048,1905736,94
1682,5046,11,5048,1906900,94
1683,5049,11,5048,1908099,94
1684,5052,11,5048,1909301,94
1685,5055,11,5048,1910510,94
1686,5058,11,5048,1911663,94
1687,5061,11,5048,1912838,94
1688,5064,11,5048,1914009,94
1689,5067,11,5048,1915143,94
1690,5070,11,5048,1916293,94
1691,5073,11,5048,1917513,94
1692,5076,11,5048,1918689,94
1693,5079,11,5048,1919821,94
1694,5082,11,5048,1920972,94
1695,5085,11,5048,1922178,94
1696,5088,11,5048,1923321,94
1697,5091,11,5048,1924438,94
1698,5094,11,5048,1925631,94
1699,5097,11,5048,1926731,94
1700,5100,11,5048,1927887,94
1701,5103,11,5048,1929087,94
1702,5106,11,5048,1930261,94
1703,5109,11,5048,1931449,94
1704,5112,11,5048,1932678,94
1705,5115,11,5048,1933879,94
1706,5118,11,5048,1935019,94
1707,5121,11,5048,1936220,94
1708,5124,11,5048,1937392,94
1709,5127,11,5048,1938549,94
1710,5130,11,5048,1939700,94
1711,5133,11,5048,1940888,94
1712,5136,11,5048,1942002,94
1713,5139,11,5048,1943206,94
1714,5142,11,5048,1944385,94
1715,5145,11,5048,1945592,94
1716,5148,11,5048,1946789,94
1717,5151,11,5048,1947929,94
1718,5154,11,5048,1949135,94
1719,5157,11,5048,1950306,94
1720,5160,11,5048,1951438,94
1721,5163,11,5048,1952615,94
1722,5166,11,5048,1953830,94
1723,5169,11,5048,1954943,94
1724,5172,11,5048,1956103,94
1725,5175,11,5048,1957361,94
1726,5178,12,5069,1958494,95
1727,5181,12,5069,1959668,95
1728,5184,12,5069,1960915,95
1729,5187,12,5069,1962015,95
1730,5190,12,5069,1963159,95
1731,5193,12,5069,1964327,95
1732,5196,12,5069,1965558,95
1733,5199,12,5069,1966711,95
1734,5202,12,5069,1967846,95
1735,5205,12,5069,1969046,95
1736,5208,12,5069,1970231,95
1737,5211,12,5069,1971397,95
1738,5214,12,5069,1972586,95
1739,5217,12,5069,1973766,95
1740,5220,12,5069,1974962,95
1741,5223,12,5069,1976167,95
1742,5226,12,5069,1977400,95
1743,5229,12,5069,1978565,95
1744,5232,12,5069,1979715,95
1745,5235,12,5069,1980854,95
1746,5238,12,5069,1982035,95
1747,5241,12,5069,1983162,95
1748,5244,12,5069,1984371,95
1749,5247,12,5069,1985577,95
1750,5250,12,5069,1986766,95
1751,5253,12,5069,1988012,95
1752,5256,12,5069,1989208,95
1753,5259,12,5069,1990346,95
1754,5262,12,5069,1991592,95
1755,5265,12,5069,1992787,95
1756,5268,12,5069,1993979,95
1757,5271,12,5069,1995182,95
1758,5274,12,5069,1996380,95
1759,5277,12,5069,1997565,95
1760,5280,12,5069,1998721,95
1761,5283,12,5069,1999878,95
